4404
1992
1196
3456
4321
1039
3426
1405
3099
4056
3590
4135
4603
565
3815
3857
1291
524
1441
3447
3161
687
4645
1422
1371
50
2472
1910
4764
2903
2807
4393
1956
2304
10
3746
4024
1284
4049
3933
379
4904
4388
1816
3399
1154
2683
2336
1846
1249
301
2000
4443
2648
319
2196
2463
4834
3516
439
3763
4812
1405
1479
2360
965
191
4327
4504
4058
706
3300
2933
812
4692
1756
4202
3745
4636
2530
1909
965
2207
3703
1676
2607
212
2639
1314
234
4335
1837
3266
431
3311
4901
2870
3668
1900
466
1651
2151
1393
2726
4262
1794
1547
4949
2217
2485
3199
1223
4841
1500
4606
1266
757
2523
2188
876
2940
841
170
1738
603
1852
3531
3679
4402
433
3322
3717
3848
113
4923
3301
1644
1432
1189
3713
1438
3402
4512
2657
1208
1665
1833
4259
383
4593
940
4225
163
4916
1162
4697
4560
1418
289
3432
179
122
1266
4730
2397
130
727
3572
2807
323
3730
3973
2592
1129
2220
2048
255
4687
1952
4180
2381
486
2704
2118
3205
2297
2002
3821
829
3844
4856
327
4590
2976
4938
2721
977
4411
4317
3903
4800
1966
915
4101
274
1715
2899
933
2164
2381
3203
164
3999
4984
1165
1953
512
4371
1160
2902
1194
4441
4692
148
245
2859
427
3966
2940
3654
658
2141
1524
3068
3385
4320
1517
4538
1454
817
1976
3529
2829
132
3162
411
589
649
2
1608
2991
2617
4432
2232
3513
1755
1372
1094
3348
3952
2844
2272
4515
909
2998
4989
3139
4562
4039
2095
1805
666
2565
4850
3390
2397
3227
1692
4334
3412
818
2777
3552
2249
3512
4616
1571
4248
3404
3837
3298
1516
2389
4835
3765
4133
3827
158
2039
1428
4076
3253
2083
2813
4545
4997
968
1406
973
1956
2190
3999
2068
756
3020
2750
3510
3983
2033
2156
474
332
4587
3124
3006
2731
200
4899
4657
4988
2227
4674
3079
2795
3708
3606
488
1438
1464
1635
4203
2185
3595
3948
3791
2394
4289
1727
3672
61
145
714
3345
4794
1196
515
42
3077
3623
3325
2308
2847
546
1540
925
4380
4803
3897
4333
3341
1731
1540
247
4333
2199
1994
4733
2927
3987
1200
2978
2121
4851
4130
1815
1144
3321
800
3118
4937
2511
4944
530
1603
1366
238
2582
56
3455
2089
1578
1966
530
517
3122
4144
3628
2809
411
4568
419
3566
962
1180
2245
2713
2127
3871
4141
743
3143
185
902
4977
3392
3690
2410
3854
3511
3461
3421
1052
3088
2991
4364
2885
4850
935
2710
3575
4278
2515
523
2437
3624
4927
4745
298
3996
2226
2721
4281
476
238
155
2841
3626
1716
3235
3817
4623
4176
2631
551
1806
1478
1198
2824
1854
4726
3398
3361
1246
3280
1852
2809
1879
2411
3260
4615
361
1261
4644
2480
2081
2393
50
38
4245
1636
4723
3231
583
2785
2378
236
3779
3434
4143
1079
1312
344
800
1775
73
4343
2409
3419
753
1533
1229
1085
4174
2913
3916
3951
1668
3608
3269
11
1990
3458
2848
4395
4587
2910
4145
1171
2224
4871
3280
3842
3876
3802
42
3301
1645
4911
3244
2203
3797
3749
2461
3727
3564
1846
2214
2818
3424
1350
3451
4314
2335
2636
2352
1576
3879
4462
377
871
718
2804
4684
4510
36
607
1704
1157
356
618
14
700
4511
3843
778
125
3116
4732
1721
2386
2564
2382
3573
4215
985
4352
770
4340
769
2170
3265
1046
2967
61
468
3048
4492
2650
3315
1983
923
3244
2318
877
593
1002
555
2443
2985
4683
518
291
2707
1586
1277
3546
87
3690
1388
2476
689
3030
4633
289
2731
2614
2368
3097
873
1357
751
3826
945
4386
653
4806
4161
939
3098
2991
2584
3251
2699
3371
4555
975
3938
130
4411
28
221
2279
4222
2111
3513
1490
1849
2660
8
942
4008
3627
1987
3936
3682
2346
4946
528
4035
1694
2094
3334
2285
1749
4805
1824
3676
1367
280
712
3417
1600
3840
2002
1161
4625
2455
4448
1924
721
3241
584
2587
600
1328
2778
4794
4991
931
4580
3839
4986
4828
1248
2480
4854
4935
2759
4374
2819
4355
2097
4123
1708
862
1235
2614
1120
1109
1658
4170
3829
113
2518
1279
751
731
4856
256
263
4222
3398
3952
3424
1856
1898
3457
4002
364
1626
877
4831
1644
1225
1474
3114
15
2843
2588
4229
3780
2507
578
368
4691
3161
4343
1390
2788
3053
4004
3756
1350
3536
320
1563
1702
4279
4464
1771
2687
3702
4478
251
1459
2070
3187
3446
4077
2229
4158
3659
3237
2853
4840
3238
2865
887
1001
3265
4070
1618
2788
1573
837
2616
4766
1789
4518
2694
4562
4444
4446
1949
2474
4678
3201
1015
4396
3296
4770
2404
2778
386
3326
3620
1263
4415
902
133
3665
4810
382
4609
3903
771
158
3251
264
3018
3960
2220
4137
1701
3829
1708
3888
4031
3153
1097
3906
2322
4064
3749
4684
188
4816
2091
4239
4875
1871
3634
4598
1086
655
2845
1116
4479
1449
3742
3799
2258
112
2745
3728
3445
1921
1907
4568
4337
427
4351
1651
4189
2265
2334
4627
4901
112
709
3715
1396
1907
2677
879
2650
4252
2305
4242
899
3059
2249
1034
3047
1772
2170
546
2977
4331
60
643
3354
977
3154
4324
1037
2890
444
4490
2256
4739
35
27
2938
881
1074
793
2465
899
2589
3599
1836
3778
3699
186
3867
204
1969
701
2438
2975
1147
472
4500
4975
1695
3450
2002
1407
4063
1315
3002
4320
3712
1925
235
4885
4193
4191
4095
2458
4591
297
4465
2173
4456
3528
654
1329
2134
2878
1533
553
4381
74
79
2512
4038
4801
3682
2385
4924
4667
2004
1980
1688
4268
991
4036
4713
4295
3988
2874
3868
2528
4320
4434
2883
4154
1939
1537
2446
1717
4480
1006
680
397
71
1189
2662
792
2684
3792
706
2291
3417
2215
2799
1378
251
805
2008
2536
3755
495
328
294
3824
3017
462
3835
142
3222
4997
149
900
545
1307
3011
2639
738
26
2457
3301
3129
2956
2899
4609
4842
213
2058
4380
4374
2080
4620
4230
1794
3522
4029
3276
3821
4905
2068
3706
4130
1840
3796
2112
3240
143
1763
2666
852
4622
1497
196
1179
2146
3770
1618
3569
1884
540
3707
1251
2994
1837
3946
1284
3317
4686
614
3474
1143
626
2565
170
2786
2917
3866
4529
425
2961
1883
3199
1334
1706
1047
4450
4535
4614
4745
1082
3470
4836
2319
1839
568
4187
221
4320
4893
4227
1216
2958
1064
549
1670
3018
784
2353
4555
577
1157
67
4341
1144
923
188
1978
1586
4794
160
3426
1508
1452
517
3465
3776
3515
4932
4358
2500
2931
506
110
247
268
4455
2297
980
4731
3491
843
3163
2303
1432
3415
1787
854
1529
346
328
2426
1343
4688
870
2920
4133
4797
167
1529
3442
1566
1319
1552
1281
185
2462
3139
4753
3724
4229
3172
4368
2930
4419
4027
1332
3018
1212
3618
4429
1157
93
1854
1863
2299
3032
4701
3471
4188
1904
4780
1778
1169
2958
3902
4840
1356
1194
2118
28
2553
1455
2043
3354
303
2533
4762
4575
976
1085
4355
1300
2453
1861
780
113
2019
4437
1451
2542
4004
3214
36
2360
3045
2488
1912
2417
1380
3255
3199
277
426
1093
3373
971
2521
4005
4656
4280
1731
472
4958
337
4751
4432
2624
3783
27
3006
4472
2046
3590
2025
4668
3460
3987
1682
218
4994
1527
2907
3744
2558
2769
862
2404
2903
4010
2374
483
4253
2652
679
4356
4889
2944
2174
4168
1473
1914
4498
2075
3944
3297
538
1757
381
175
1258
2134
3402
2353
4758
1985
4665
4871
3731
1265
3185
4879
1857
537
3690
2769
1615
565
3477
2563
3881
4435
2800
3642
2867
2093
4493
203
1141
413
1999
3786
319
1856
238
2601
3242
4518
4476
4606
181
1023
3549
2482
3947
2916
3259
2063
4385
801
143
2911
1112
1267
539
3983
325
1889
3237
4557
2863
4652
4833
3728
2855
4111
1323
4711
4068
2274
811
3428
3866
3154
3857
3540
3208
2243
3473
4270
1056
3829
1842
2288
4798
3351
1660
1014
685
4704
657
1266
900
4898
3617
3432
4916
3134
328
3574
4443
1276
1061
2828
1677
2622
1735
671
1508
2310
4136
2587
698
4625
4282
1410
4166
4802
2154
1097
3634
1447
1724
3084
1962
3328
489
3369
3923
1621
2205
3948
1810
893
4747
1082
1804
51
3940
1946
2447
177
3702
3374
3903
2684
4642
509
3016
3319
2729
2585
1997
3737
3945
2867
1982
4355
4353
4722
4415
2835
2513
1134
3037
3379
2933
2049
2756
3824
1999
3678
1932
115
77
685
3294
3303
1033
1399
4493
3932
3153
2599
3607
4986
3565
1748
2613
3669
104
4615
4308
3422
364
2997
1136
3374
1816
3873
368
3798
515
2652
2490
1524
1191
2143
3284
3955
4472
4339
2944
3896
2610
3753
12
524
4235
3198
2365
583
4912
2705
1300
865
382
3625
3025
213
190
621
4141
359
4809
2803
4275
1346
1506
116
381
2635
883
4149
1509
4129
2131
496
4143
1480
156
1323
1866
1881
4540
1945
3467
2802
2618
967
4127
4838
116
1745
1422
1342
1800
2960
677
3072
2255
3356
2591
3396
236
1588
1837
3448
1569
823
565
188
684
2348
1825
4960
4304
1020
2704
4909
68
2285
910
3491
347
641
3590
3071
116
4057
4572
4577
1451
1955
593
3411
3208
3928
1814
116
410
582
4404
1739
3070
4417
328
1148
2049
3511
3842
3689
109
3122
2858
2189
902
1904
1524
4288
4685
3833
4323
2419
3795
1682
1993
767
3165
1763
1388
3560
261
1747
215
3602
2204
2709
622
933
3502
4472
2119
4630
3085
1097
961
4790
3201
3328
4435
2860
1658
1039
896
3757
2292
262
4479
250
419
3340
924
3834
862
500
2976
4911
4298
4005
4248
2422
4562
4240
1958
1320
3023
1860
234
3215
2191
1932
3925
2215
2536
1306
1964
4558
3847
3894
2637
938
988
474
3638
310
3609
4178
1675
1541
2031
1119
857
4892
17
2458
1235
2684
4377
4617
4453
3206
1855
4714
2932
408
981
3862
1977
3383
1416
2927
4251
4696
1297
1409
4176
1792
4722
3793
771
1753
2405
4518
2412
2472
331
3020
3212
4945
1832
3866
4798
968
2471
4231
2418
3786
1799
2412
2018
4523
652
4433
833
1057
3150
3049
1964
3940
986
4898
2719
3217
108
3327
809
3146
2952
1106
4928
841
271
3555
4216
1844
1389
836
1253
1920
4907
2156
991
4452
3801
4091
823
4978
1588
713
3648
1584
4161
3872
3050
10
2481
3270
2559
942
740
690
1375
678
9
856
2514
2439
1968
3183
2378
1621
4158
3928
1481
855
1317
139
3110
612
2937
369
1302
2790
54
4170
2322
4925
3054
4994
1888
2522
2834
1488
1123
760
2477
3665
2750
2114
1
2605
435
2678
158
1950
590
1379
4765
629
1510
2513
51
2648
3707
2524
916
3548
4628
1415
4462
1927
1342
4160
1792
2888
3100
4831
3215
604
1471
4705
1932
1456
2806
3605
2743
1432
1610
2417
348
3444
4625
4772
4864
4151
140
1838
14
3313
3212
4887
2317
1620
213
2676
2342
2548
2292
4389
2054
4675
2869
1317
2573
4887
2998
1324
3461
2539
762
1357
4778
3239
1398
4543
1369
3278
1721
569
1749
355
4867
1673
574
682
1090
638
1698
252
2516
4065
823
3324
1711
3623
375
1297
3565
1779
2156
1190
2317
1491
2062
2454
366
17
4405
2871
2779
3091
3813
612
4070
3738
4607
781
4636
3049
2628
4489
4405
71
1608
4501
2001
247
1476
45
2375
3622
2576
894
4393
4025
1217
1929
1424
2013
4414
3746
4133
2742
1361
210
4815
3934
93
4397
4073
3172
1835
1559
3633
2841
2009
3392
590
4127
1764
1283
2479
2061
901
4265
150
333
3877
2584
1169
4347
4868
720
3581
4768
4827
3169
3301
2781
1204
2399
4345
3453
1735
3517
3991
553
3749
2376
750
2780
3234
3558
1189
198
2747
756
1447
2391
1063
1000
4150
2395
30
263
1308
4550
2657
1764
2250
2800
462
3550
3905
3815
1422
3099
2635
3668
2941
967
3803
4752
1960
595
1302
3908
855
1144
4104
3007
2911
2202
3823
2665
3394
2491
3091
2505
1294
4541
555
4281
340
4044
2786
2262
3441
860
2939
3646
3235
1536
3093
3476
3615
2707
4995
1790
4359
3702
3777
1146
1350
4967
1146
3493
2643
2719
1101
2696
401
2646
256
1826
2339
203
1364
4238
4693
2244
2712
4689
2919
1291
5
4145
3094
1050
509
1218
4143
289
21
3470
2145
3906
3398
4260
2672
4145
2277
4966
3823
4928
1050
3434
345
1558
3684
443
3184
302
4172
2211
1298
4473
4395
4900
3812
4210
1824
499
4322
3526
927
825
1412
3833
2517
293
4884
3028
3662
2520
4464
2604
2777
3553
4408
4164
353
4763
1105
2832
1642
2274
4539
231
2178
2835
13
405
1651
4271
3846
4016
567
1485
4414
1352
2823
3341
3992
3585
3074
1143
2604
4881
327
1481
366
1284
1507
1828
1636
3402
578
2648
3178
1092
3968
1541
2199
3381
1201
3611
1596
3675
1258
3016
3418
2133
2956
4333
4110
3642
2325
2371
722
1867
2714
4669
3300
4233
1304
747
3431
1938
4290
566
2901
1055
4430
4531
2969
1611
4342
3030
751
4402
2313
299
87
414
2416
3612
1809
4519
1161
2334
1540
2504
4112
3343
4698
128
764
948
2512
2703
313
1091
664
4173
1886
4739
1108
709
2560
3201
151
3707
2460
453
1857
1718
968
2628
2076
2265
3549
3748
3751
613
2487
1674
1638
2838
2738
1716
2675
3124
4387
4064
428
1287
3620
2055
2225
1306
1058
3716
4565
4116
3015
3
644
4437
2500
4954
3811
4412
2846
551
1298
60
4375
3998
576
526
4853
726
2611
353
4291
4893
3618
1149
4160
4131
4486
3320
2673
4452
76
3917
50
4119
2202
1121
4403
1364
1662
2893
3907
2853
691
524
4425
1577
2495
2484
796
2427
4302
4676
3750
3810
4797
2339
2956
739
1048
117
3825
4464
54
3241
4035
92
4648
2874
469
4587
3686
222
2171
4108
4610
858
4662
1613
3827
2550
4606
1367
447
697
1877
3424
290
3696
2195
1409
4991
3913
3084
1672
1478
2377
702
4558
4909
1226
4276
2242
4660
514
2921
431
1117
1103
4958
1831
3725
941
3003
671
2602
1191
1362
3637
2663
2225
2615
15
42
4055
1981
581
4396
3862
477
1796
3587
2542
2632
1427
3023
692
428
1549
2485
606
3444
4332
1917
428
715
1381
4084
4000
385
2843
2457
737
3574
3590
4771
85
4628
4334
379
2362
2094
1040
2500
3865
4099
4527
1233
4
1851
2806
379
4184
846
1573
1439
2312
2753
1740
4740
2277
1292
4423
2044
2538
2837
1032
2078
3850
33
3997
3889
270
4382
4144
1804
208
3305
1268
1458
2759
1317
1949
496
1463
2068
4102
1094
842
2623
1695
2531
4459
2166
76
4525
3723
223
4667
2872
672
2747
3070
1122
3798
612
4537
2639
4066
1910
2507
264
4732
1929
4892
1877
901
4460
120
3732
2795
4218
3638
3059
2126
1085
1612
2121
1704
848
2383
1485
829
958
2515
53
1866
1023
2839
189
159
4038
4927
2873
3440
408
1617
2923
1178
4388
1951
1687
3009
4811
2472
3206
1591
1490
1606
2203
527
1483
326
3423
3425
1959
1657
4
4719
512
2169
2348
1369
3701
1601
1240
4709
3197
2487
4002
1345
3377
472
269
549
1961
759
1205
224
2454
3521
4524
1939
2926
2937
4341
1511
2902
3837
181
3851
4420
3777
1532
1395
3416
3023
2424
3868
3802
2774
4518
1994
2980
382
958
1919
4122
4367
3984
2228
4733
3033
4598
807
3769
2338
667
143
2234
1302
2212
147
4079
1866
1396
3151
2003
2480
3247
3556
1686
4289
3348
1052
2061
3508
4194
2583
1714
2584
4784
4126
3038
1995
2412
2869
860
698
313
4314
4543
3470
4429
982
920
402
2930
3054
4525
2366
1499
606
3603
2320
1123
3272
3110
740
910
622
888
395
2790
3738
4572
840
2734
4046
5000
3609
291
36
4294
315
4173
939
3294
359
833
2229
3341
2900
4614
148
1253
4498
2048
1761
2586
3436
2031
500
3394
1527
1080
3889
1738
2263
2388
2605
3337
3511
2687
1968
4553
3282
1723
1217
1628
3418
3882
1116
838
3634
2492
4419
1362
3922
400
1007
1430
315
2472
2651
1846
4577
3451
3010
3213
2965
3142
2395
2325
4393
4834
722
2673
4063
600
4324
4184
630
3717
3460
327
3974
4686
4744
2017
4162
3697
3171
3298
218
4071
4043
1347
2896
3875
4675
3519
1290
337
1319
364
1104
802
4300
259
3464
1460
4156
3830
4053
3504
3584
911
3788
355
4165
805
2332
4059
1939
3173
473
3564
3125
2985
2978
730
2689
2230
522
2523
2035
2402
864
238
456
3308
190
2791
1779
3360
2126
3058
1937
262
2188
13
1398
4745
2443
2110
3796
2135
2355
2696
1252
4459
4254
3588
3553
1138
1989
81
4697
1463
3842
1077
4636
2465
426
1822
1121
2245
3018
705
18
803
2388
3604
39
68
268
2275
2719
1895
894
3657
3796
1989
19
3660
2632
2739
2685
339
2444
3049
4443
4765
1570
238
3860
108
1684
2420
3848
2552
3738
1218
4810
4874
2655
308
3292
4809
4734
3377
1612
4042
1071
2356
1847
4144
4787
888
4811
1419
625
4094
3653
3307
1138
873
512
2807
3769
3130
2840
2625
168
1380
2557
1012
2971
2464
3003
2508
171
1596
2788
1420
860
1985
836
4388
400
2506
1713
1150
3761
2093
262
4507
1126
867
2951
942
1352
4466
2923
455
141
991
890
3574
262
4082
919
1389
1880
1397
2737
852
1815
3358
2948
3620
1503
2599
402
4853
437
921
4980
719
2085
4411
4811
4306
4531
1270
1537
4324
212
1038
2943
3239
271
1518
1641
4501
3441
243
1601
1059
3263
17
339
4919
1516
1373
2777
3294
2059
3492
2159
3950
3843
466
581
3870
3350
2292
696
4282
3874
3508
4848
3920
2214
4061
1290
2319
2203
1986
859
4779
1409
4269
2259
4342
2290
1025
4105
3246
1875
755
4016
2171
3840
1831
1366
3852
230
4588
4289
642
3028
974
3375
212
3175
1923
1038
2406
1555
783
960
933
4111
3970
809
1844
1254
941
1333
3203
787
4438
3412
4222
4764
4115
383
3981
1435
509
4005
1779
3723
2991
2966
4078
4093
3671
4863
2273
3853
1201
2871
272
2231
1882
3270
4834
1346
1875
2444
4176
2900
374
3339
1865
3816
4323
1113
1728
4939
2698
3292
4789
4118
1833
4128
4539
4104
506
4150
1169
3015
2515
679
1774
1912
1968
2702
2951
2765
323
1409
1251
65
4125
1547
224
3150
2881
1055
4038
3846
3491
54
4028
893
1403
2211
1183
1527
269
1922
2538
160
832
95
2664
732
2812
3242
4754
2902
4775
3240
364
2797
2996
3895
2092
2952
4140
3121
780
2885
3294
4788
4933
594
3827
3322
1073
1140
624
2591
1893
3065
2404
4662
3179
4295
4559
4221
1311
1517
77
4223
1107
395
4625
2750
4577
2406
630
4796
1941
1998
17
3894
4407
2651
2578
4174
156
887
1876
2725
1404
741
2382
3430
427
3982
3451
3437
2749
4463
3997
271
3873
2180
4843
293
3666
4134
1281
3414
3752
1857
3319
3361
3989
4255
2171
911
4498
2463
1959
1597
4135
3769
4017
866
119
1815
3957
3242
4314
4397
2562
1578
3402
4244
4250
938
917
478
2885
604
2680
1018
1152
344
2995
4466
146
1249
92
4413
2447
1297
248
2103
43
1761
4336
4993
2366
737
2799
4428
3057
281
516
2226
1419
4442
1897
1962
523
2262
4265
4041
119
883
2221
3351
3571
907
3233
488
3316
3484
2971
4940
2393
4808
1152
1269
2346
3549
1223
3395
174
3769
2387
1497
3798
2829
2704
2083
1707
1788
3480
2223
2136
463
978
3821
1676
3113
3006
2560
3475
3284
1452
2540
310
1521
3331
1107
3042
1654
2670
4135
53
4155
2407
70
4618
3509
2149
3674
2227
1452
43
2980
2111
1582
4400
263
3323
3543
1397
2913
2254
3941
618
2190
4205
522
3489
2290
3039
3734
227
117
4850
1202
284
1053
4957
4318
3191
2124
2665
1373
4806
4377
1083
4192
2486
2886
3282
2640
4411
4572
2630
3223
4457
2751
1017
4408
2079
4242
3375
3772
1648
1724
2745
1391
4201
4166
4225
1836
1044
2212
237
2839
220
1170
3861
2874
3374
3202
3806
3086
2333
3212
3434
123
1966
869
1837
3269
2436
163
928
396
4316
3758
4374
4510
2426
3319
2145
3885
3669
4750
4461
4909
935
922
2629
1870
572
1500
3169
674
4593
1062
593
4580
3297
4887
3115
2810
1373
2319
3512
4508
3977
4051
2693
3788
2398
2204
190
221
627
3898
3918
1392
2835
741
4924
1731
4121
2911
1470
4147
1931
2884
3536
384
4141
2854
4336
1805
2008
693
3848
3845
813
854
1495
4634
3527
1517
251
1589
3715
2818
1557
2044
3838
3142
1567
3410
2110
1657
3429
2051
3382
2243
367
1062
4450
2689
3990
4083
2064
382
77
4364
2164
2993
4579
1373
2258
134
1530
78
3492
4700
2961
1849
1150
3455
1831
141
1920
3034
3536
4458
872
3992
2167
4184
1608
3026
4587
788
1200
1195
718
1850
1671
2778
702
2616
4252
4347
370
3946
4297
595
3572
633
1062
2038
4898
4222
59
3911
3443
1574
1731
515
1637
3926
1283
3716
4387
3090
4500
3361
3957
4252
4375
4034
1569
1748
4533
646
1984
3470
4008
1673
2170
2796
786
952
34
3770
4559
2546
553
4022
3272
3302
439
3217
325
4208
2474
2071
4219
3458
3515
1390
4207
1617
2847
2432
602
1822
1405
560
4013
2743
4158
1855
2363
4804
12
3136
889
857
3325
4785
433
4882
938
907
4870
7
2559
4101
27
3808
4234
4628
3594
4453
1392
3677
1984
3925
4953
960
2949
739
3184
835
169
2159
3901
1588
2611
3506
4348
548
3103
3848
3565
3884
410
2038
3287
124
2443
588
1814
661
3382
3137
2667
3612
1491
1251
2927
953
3285
4967
2617
108
600
1797
3980
4143
4785
1484
40
2188
3549
1580
3588
960
3241
3813
132
1538
1621
1644
1240
1797
4846
2448
4560
3438
4665
4251
4475
878
4161
4726
2991
2589
2978
2710
619
3058
1262
2122
4397
2628
1856
4951
2851
267
4869
615
1266
4895
1493
32
3346
3565
299
688
3784
2263
3283
5
3809
236
3598
4332
3411
4354
1662
2693
4234
2423
627
464
2072
3025
1250
2107
4237
2616
736
4404
1512
1314
2628
1314
120
3266
4871
3081
3039
4233
3342
4439
310
872
4997
3507
981
4685
494
1532
2436
3162
2533
3566
3007
4273
3488
4690
3026
3768
1325
2727
2099
1717
2383
1605
1940
1179
4766
430
317
2605
4804
2628
2699
1293
2498
4218
1590
2887
139
2628
2556
4297
2845
2092
3539
4225
1529
2126
3480
1962
3988
3492
289
3675
3227
1306
1582
3458
3011
1553
3384
466
2678
4597
3080
3352
1934
4190
1578
1631
2835
648
1831
3737
22
676
1481
3853
3906
3915
1330
2597
1856
139
3803
325
627
2033
1428
817
3555
3673
4357
1607
271
4183
1110
3428
1696
662
3130
4133
1891
4252
3946
4318
1561
1285
1999
1641
970
1436
3743
2598
2043
3508
2864
383
2425
2883
1464
3494
1903
4127
280
797
3342
4323
3970
46
2071
1841
2776
2227
615
865
2625
4315
3919
1452
3631
268
2266
3602
2807
4926
2930
2805
27
3848
1215
3750
202
4898
4681
24
4674
113
4093
831
3434
3000
2463
367
2553
3908
4365
4608
2578
3169
1374
1156
4024
1049
4357
1526
4818
298
1763
1889
830
4394
3667
4755
4145
2249
2708
2665
4550
1855
1605
3532
3278
2023
1474
4104
2904
1652
721
3479
4685
4105
3924
361
4876
91
3939
536
2745
2742
3504
3154
2494
2002
4237
380
4586
4675
1976
1109
2169
323
300
4571
4473
2346
4005
3018
4880
2497
4261
2186
2197
2036
3578
407
2796
4828
3311
655
3466
2718
3085
4413
1328
2766
2528
2053
2770
864
2657
3150
808
887
2329
3564
1202
914
356
1006
957
1635
3267
724
1485
330
2614
1392
3879
4385
2889
4561
1877
1298
2914
4516
4625
4895
4636
735
1940
966
2607
4295
3767
3575
4814
4143
1372
1445
3609
165
2339
2361
4331
2442
816
3831
40
4724
4689
2114
4282
180
1322
408
219
3068
1852
2235
2985
3457
1204
4870
1660
1257
1037
4980
2336
1611
76
217
1867
2158
626
510
2625
2779
2415
337
848
272
2724
3388
429
2802
2558
1998
3499
1829
3161
1171
3139
1863
2581
4173
437
4712
4359
2429
4768
553
1586
3266
1584
2879
251
3703
2536
4370
446
3777
4312
3729
2501
534
1024
1910
4092
2787
2775
2368
4993
714
2753
192
3005
39
921
2010
1239
3691
2710
253
622
1527
3083
1702
4320
2827
424
881
769
340
3936
3705
3563
1503
3219
1460
2746
2397
3048
1565
2499
3050
1842
3867
2179
3128
1635
538
721
4268
3596
573
4656
4172
1001
1941
3072
697
440
3508
1728
4274
3386
4217
1154
545
12
3724
984
4950
3608
4772
4698
3673
2714
4208
4669
567
3877
3166
4578
1863
3762
4688
4436
3411
3760
1266
1683
1859
308
4759
1099
1592
1414
3992
2235
78
315
4468
4021
2480
4948
3308
41
1882
2762
2838
2039
444
788
3114
2249
2101
4544
676
1892
4584
4976
2144
952
4327
4049
3971
4976
1614
2046
3449
3683
3572
2356
4800
3566
2562
404
176
315
4176
2354
100
4417
1694
533
3233
2412
4151
111
2966
3316
2867
356
3792
2720
1779
4829
2102
3196
4389
1258
4578
2843
4761
4121
2734
149
379
815
165
4335
1388
297
1132
3838
4753
3218
368
233
1243
1608
3002
3219
4275
37
2494
1024
724
1364
4724
3997
4500
4960
1082
3508
3843
2596
1983
4748
3667
1781
3207
3037
752
4306
1032
255
397
3113
2262
2694
3577
4739
3182
4952
1226
4926
1269
1630
3797
1179
4031
3231
2225
2289
64
3731
3083
48
170
1694
3034
3624
1969
2899
280
2990
2044
1578
1904
2920
2988
3728
2658
1757
2127
2213
2275
2097
4548
710
3008
493
1519
4801
3914
1408
2112
2754
1182
82
2304
704
4428
4984
2580
356
191
170
2893
3296
4141
3774
42
3219
483
4148
2145
1444
2178
4132
1065
3350
779
3460
17
578
2557
4753
2265
763
1327
754
245
1662
2595
66
378
182
4666
3588
2432
481
3272
3702
4672
192
2072
3685
548
4337
1935
24
55
1901
4084
2169
1694
393
4447
4133
803
2523
2919
4432
555
2091
4463
4265
4148
3481
3523
296
1076
3107
3864
4702
3099
2008
4152
4438
893
4542
3499
1236
426
1816
4884
2825
2899
319
1193
1175
1302
2536
1968
4025
691
4186
3277
360
1266
1283
1811
126
1314
2919
1154
4037
3689
1963
3707
3495
73
2789
3906
1090
2126
4031
702
4080
1637
4829
3665
1503
2647
427
4382
2627
3710
432
2534
1089
4054
1709
3367
2802
4339
4356
3056
3572
2760
1850
421
4619
1886
87
1832
3879
4472
4958
3136
4544
967
2945
1086
3710
729
3985
3941
187
4007
558
2979
2208
1502
1334
3336
3935
1224
95
4800
338
3574
4149
1023
1578
4492
1200
636
1254
4761
2036
4800
1245
1144
3419
2072
3296
3952
2985
1782
2124
2276
2278
42
157
3596
1181
918
2968
482
2571
1943
12
3667
918
3259
1307
4685
2938
4065
4563
1241
3483
2302
4314
2001
4634
1446
596
3532
1182
687
2665
2527
4792
1147
1546
4763
2356
3786
497
1373
3509
4898
2782
3764
3420
3713
842
4911
3981
2290
2666
426
1798
111
4895
2252
3338
2765
3646
3784
4610
960
4199
3362
4062
534
3616
4616
2238
2081
3842
4164
4970
596
1966
3543
757
391
189
4901
2032
240
3062
4249
2251
2184
4691
3345
4795
1189
2471
149
1934
1868
2886
4154
1288
3673
3569
1234
1193
4969
3198
4021
4015
1921
4872
3938
2944
1470
1698
2027
2647
519
1379
1357
3723
181
3297
1183
4611
3702
994
4583
4858
832
2911
1925
3685
271
2492
2566
2579
1527
1722
3751
2048
4763
1078
2560
4391
3609
977
3372
196
4951
4140
4551
4747
304
4296
2636
1547
150
988
1922
1194
476
1203
2312
731
3812
4767
4339
1319
1465
1718
3745
4863
3681
367
2409
1576
3956
4042
1920
3629
3364
2545
1949
1522
2453
42
3062
1787
57
545
232
971
1333
259
2477
4306
4871
1939
3073
4825
2506
1888
2077
1909
2687
672
4596
3842
4176
3269
4546
3705
4432
108
4523
83
4451
4404
2604
3518
2628
2327
981
3328
4420
254
1412
1439
1194
175
4552
1141
2555
803
37
2680
4362
1831
1705
1744
26
2502
1214
1245
2418
1399
2182
3348
795
1244
1909
4396
123
4395
1395
4358
4276
3942
914
3288
915
3444
1272
2199
3788
4320
1866
4993
2446
3385
342
1129
1584
797
3589
4674
2385
320
3246
3064
4160
490
4473
1442
568
3058
3125
4707
1805
2023
4081
2037
4984
3702
2445
1901
41
1647
354
2836
339
116
2171
3583
3463
1825
4665
1201
1246
3284
4725
794
1402
591
4940
671
4295
3399
3071
322
3257
494
2440
4968
414
2156
4569
1968
4140
4895
45
2675
4531
3757
3109
3049
3934
4465
1480
3652
4252
1003
993
4901
4782
4698
1258
115
3134
517
495
76
2547
561
2319
1542
3262
1315
1373
1800
2492
4657
3464
2381
2611
483
870
2327
2315
3597
3100
3772
3325
2226
4563
4756
1442
3301
4785
1915
3421
1032
3827
1558
601
2702
4087
1541
474
756
3029
4093
4394
3652
955
1294
4106
3419
4627
3678
2895
168
3403
915
1654
3750
2934
4227
1259
3209
2840
1994
3917
254
651
2386
1527
2688
950
471
212
4514
4320
3986
2512
2236
3719
2272
4817
36
3530
4003
1098
1059
2843
3703
4170
4999
3396
2692
732
1322
3106
1281
2954
2520
4149
631
2182
3472
217
2626
1407
1589
3736
189
1439
324
361
1878
1454
4161
1478
2288
3993
2489
4826
1275
940
4447
4363
463
4652
1595
179
1642
852
1841
4412
4609
50
1367
326
2960
1721
1944
2805
3643
1
1659
2275
2867
4229
1313
4945
2528
2761
2847
3102
4322
4815
4205
3661
1421
2684
1081
4463
611
3126
356
3682
3430
1668
549
3431
3560
433
2234
3782
3580
2110
2133
3079
1628
190
4479
4473
2275
4468
3415
1948
3483
932
4141
2381
4147
2946
859
2420
3197
252
3520
1978
1053
2726
2741
3979
4062
1147
3986
72
2370
1473
4504
232
2961
3362
1682
62
811
836
3871
365
4224
3314
566
3204
291
1020
910
683
1398
1444
1636
4570
3127
706
3794
2016
1563
1950
1729
4912
2880
408
4818
2612
2088
1928
2854
525
2279
4805
3273
636
2582
2590
939
4748
1127
1802
1719
3843
3713
3841
3033
2159
46
835
3367
1652
3934
2340
974
2052
2023
361
3708
4347
1818
2399
365
1134
4408
3735
2156
750
4390
4282
4348
980
2069
3424
878
4820
4539
2781
1093
270
4539
2739
979
2482
3582
2764
4216
39
3978
937
192
2749
2180
4869
4451
152
1019
2917
3505
1820
2895
1013
1739
798
4293
1880
3015
1131
86
1596
968
2633
1841
3710
4839
736
3946
2258
2742
1250
4056
4540
3269
3210
460
2385
4843
1756
1721
4293
1338
708
3288
4703
2
3915
3240
4714
2051
3706
1218
2475
2774
3385
2752
2915
1865
4177
2009
3398
2805
314
2758
3703
1014
1268
1586
493
1425
3040
2161
4342
3793
4419
785
503
2314
4113
3020
1516
2221
1538
661
232
2476
1054
3897
242
672
2324
4908
4073
4445
2224
2374
2500
1611
3622
4359
1433
533
4321
1676
3348
3473
746
1769
1626
1924
4856
2399
2189
1428
4269
411
2956
2921
4288
3484
2875
3205
4532
4655
1376
400
3930
2328
3143
3088
536
488
1090
3865
3666
3109
1888
33
2509
2868
2781
4161
3012
3689
2401
1446
4236
4772
469
1378
647
1760
1716
4851
2315
2581
4426
2318
4055
2085
4864
4363
3600
2179
4994
4373
4070
1853
737
4405
482
4709
2557
2380
4958
4891
134
3410
366
1898
806
3202
2351
1056
3980
2827
3974
2820
4563
1674
3966
3871
671
4782
3471
3056
4912
601
926
1199
1036
4359
4653
4755
5000
3401
2514
1259
1197
2150
4407
2704
2983
3140
3940
830
224
612
1268
2773
2842
4707
2915
3325
846
479
652
1885
387
3500
4840
4999
1738
2233
3873
4343
2859
2205
3085
1955
890
940
4284
1496
4497
1968
4401
4451
3005
4606
4892
1723
4994
2215
2309
2113
3937
3838
3996
4260
4112
1501
2119
1162
634
4882
2590
1049
1939
1876
3631
2584
2689
315
4285
1431
3284
1641
3528
3368
1387
4776
4444
3982
4772
4867
2908
3877
2673
295
2953
2129
4971
4050
2867
792
782
245
1761
697
402
2507
4684
2355
2677
2429
3509
3243
4576
3697
113
2645
3788
2207
2879
3925
2447
4537
564
1130
4540
484
2521
2265
4145
3089
214
2058
4619
2047
3777
3012
79
3489
4715
1849
1348
4037
344
3509
1644
670
3370
850
2103
2989
1536
3212
4032
4765
4046
2163
2382
1656
1688
4316
1573
2887
1421
2636
333
4294
3679
444
3983
1090
243
3885
181
2295
4138
3552
4655
263
4009
4313
1751
1427
1193
556
2113
613
1539
4951
3300
2750
2325
1835
2259
2876
429
1187
1401
3357
3411
4937
4581
1577
3713
3670
1426
3728
4924
3840
3133
2652
11
1791
338
356
1143
624
4568
1012
4540
4991
165
551
4255
3600
3457
3621
1987
3107
864
462
2048
673
1117
3940
4269
4160
3311
4261
3636
4516
4328
4124
738
218
4019
1004
1434
4394
4260
4757
4907
4720
3435
1794
3386
2622
2901
3769
3488
3725
4777
1019
3882
18
2640
1479
1689
4583
4243
924
2377
731
304
2062
2189
512
4438
116
104
242
3011
1509
223
1667
3568
2490
1655
1925
1340
4668
177
3109
3262
2551
622
1179
4817
491
1487
3270
784
2036
2741
4409
154
3752
3765
2425
1319
363
168
4410
1111
688
4101
1751
3513
2289
4602
931
2398
801
2767
4965
746
1995
2562
4667
1146
50
3671
507
2141
4170
859
3569
2837
3049
1339
2630
4098
4835
1335
1368
2129
4746
692
2074
2217
2647
4371
4937
2463
2747
1670
2990
1502
4278
4143
2908
2827
3923
3520
2845
1359
2488
2402
3087
2819
545
1127
4867
3764
706
1224
1431
4167
2852
796
1523
4760
4632
711
3948
3205
3954
4439
518
2902
3956
2845
4953
4371
3820
2546
791
4938
4916
4480
1575
4092
1155
3416
1012
998
189
4328
4053
4360
3593
3096
4133
267
4395
3998
3705
726
673
3576
2159
3008
4926
1691
2264
1453
3598
574
754
293
3218
2435
2299
1940
1932
265
4139
2692
2617
4097
4418
1019
4257
4032
2570
402
2632
4284
3909
3316
1215
319
732
1497
4016
3101
918
3586
3575
1213
1370
2306
314
4116
1759
3184
1938
3178
1016
4179
1013
4383
4944
3421
471
672
2969
1699
2839
2409
2198
4384
2037
2656
3124
2730
2851
3785
4513
2495
185
1450
3136
1958
1287
985
1714
1222
1882
27
4799
3614
2064
4922
1992
1820
1216
3614
3718
2146
814
2809
1282
4579
369
4695
3292
3634
2819
601
696
532
156
4866
3188
145
4459
4865
4876
521
614
2359
910
4982
1656
4870
412
1337
738
1949
298
4021
1242
1668
4334
4646
3610
3739
3666
2975
3018
2290
1627
2145
1299
333
3654
674
3404
3553
4922
4741
480
2517
3981
4296
43
2196
2489
4824
3544
2668
106
2697
2738
2554
2867
4071
898
2143
37
119
7
2379
2664
2200
2037
2783
4719
1295
4557
419
4572
4543
4428
2699
609
370
385
4995
3224
3746
4283
1786
1230
3074
1157
2331
637
2120
4459
3384
1366
4055
4848
1464
3729
4985
3361
4384
2507
3387
3949
1159
3748
2216
3862
1085
4404
1567
2226
2245
4813
2184
2884
149
1224
1423
4902
2141
993
4385
507
651
4095
2486
3653
2905
2892
2738
1218
4048
528
3529
4050
3707
1012
4108
999
2226
2101
1262
4305
320
68
3051
3943
2429
449
4601
2421
3497
761
1929
4169
4978
925
3939
2962
4688
183
1125
3501
2789
3894
1680
2468
1734
2470
2867
3512
2130
3159
3326
2260
2742
3622
4966
3563
3351
2468
2380
4805
3715
438
2483
335
4437
551
3438
4597
492
3529
1131
171
3365
1165
3884
3578
2696
3865
1828
3634
1867
2739
1402
2249
4362
3658
2307
1447
4563
4354
3970
1710
232
2002
486
138
420
3841
4017
645
2900
1514
235
2797
1818
2540
1664
860
2193
4857
1113
2277
4575
2426
910
3410
741
3559
331
4682
1722
1953
1185
746
2451
3746
46
485
3381
4494
965
2049
2260
3080
2463
877
3471
1264
1976
1180
4759
4238
2035
45
4012
3255
3777
4261
4973
1991
2012
2769
1164
3870
2662
3761
2143
4680
4274
550
3641
819
2775
264
4464
1794
1670
607
3930
2887
871
1182
63
280
4908
298
460
914
3074
1543
4020
4038
1196
1466
3250
410
2030
4354
3270
19
1188
4775
3065
3000
2478
2413
4815
603
3567
3579
3704
3426
2366
2918
4426
1982
2896
3995
3897
520
4757
3935
121
716
2805
279
2872
3344
4615
482
1294
4525
4288
3009
3050
3471
2598
2972
4560
2369
4706
866
2036
4412
4626
357
417
3470
3140
1153
4134
3794
4527
4771
3081
3723
1832
3307
2783
555
867
610
2539
4124
4148
4483
689
3352
2379
3944
4449
3700
3416
3314
2218
3735
3529
2202
4854
1999
4584
222
302
2516
2768
2195
3196
82
112
594
4432
2426
109
4584
4565
3432
4815
4772
4923
3099
658
2812
1936
2250
2134
1874
3864
1980
638
711
2642
897
3868
3380
3929
250
1080
4114
2078
3552
2894
3633
3067
393
1247
1194
3936
207
1497
2315
751
4271
628
2383
3156
3679
2408
126
2037
2500
3084
3627
3528
4690
4153
2074
3063
3471
2321
2213
828
802
3271
4820
1002
4086
3461
4795
3236
3742
3972
670
1077
4319
4641
4841
2115
2061
4599
2067
1108
1463
3411
2075
4319
4279
2077
1106
84
4095
4451
4193
4473
2439
3169
2848
4265
1844
1392
2227
2066
3048
2742
4997
4545
2624
3109
4413
4385
792
202
1899
37
2783
3369
4889
1538
2993
2272
569
1686
1600
835
563
1052
1013
330
4497
4986
1918
1203
2379
837
4497
2032
4267
1960
4482
3129
1491
3248
853
1104
3551
1824
198
4028
1074
59
4048
1991
550
3458
1593
1954
3172
580
3209
1175
4888
2917
2378
2751
2591
1444
3886
2545
4118
182
4205
4011
3377
3236
4141
2351
596
1730
4190
76
3936
2305
4283
2147
4014
696
2439
727
2348
3414
2296
448
1511
4448
267
407
4766
4499
3535
4580
4305
3128
3077
1251
3497
2086
572
953
2626
3186
4297
2769
3084
1400
3883
2754
2173
3069
2400
2462
3935
3798
4697
3750
4679
4505
1766
2927
1513
1356
504
343
2487
510
4252
1825
580
3066
1688
837
539
1162
3031
2958
2517
1740
712
1706
1146
3369
4181
360
2507
547
15
2077
2183
3289
1614
3153
121
3790
2339
2055
741
754
223
1675
4181
647
2777
3325
4712
3555
3716
1744
403
1641
3333
415
592
1572
4094
761
4537
3837
3324
1326
3275
3261
2145
1798
3087
202
2485
2201
1998
2301
4911
4686
4560
4198
4176
3077
1919
4352
1251
1440
2520
4123
935
1284
2473
1458
701
908
2471
3102
4059
4572
2471
3558
4397
1721
2750
1699
3878
1923
4352
1306
3973
1174
344
3443
1277
2905
593
3404
380
345
4452
2671
2755
1616
2651
1524
2541
4334
252
4773
4699
4064
85
3733
4828
4715
1535
4525
1876
2871
2605
1003
3637
2132
4663
2071
3569
3706
4832
4511
2417
2514
3855
1349
2048
660
72
4613
785
708
2247
4247
4054
642
3444
2279
1938
2550
4748
3653
3757
3028
462
4116
4467
2784
1661
1691
452
3281
304
38
4639
4703
1343
2599
4877
953
2215
3213
895
1521
3130
1522
3694
1968
3172
2699
3470
1760
124
1752
1399
4570
4428
2921
4691
3695
558
2157
1826
1420
2451
1376
4624
1812
2671
546
3515
482
4012
4640
1312
3440
1920
2562
4874
350
4618
3756
4781
176
3425
3017
238
1428
163
2041
1800
1811
1288
4716
4779
2802
849
4290
4605
1863
4700
2193
1689
1645
1161
4123
2621
1121
2769
314
2650
53
2838
965
940
3992
2950
2531
8
1942
2889
4646
3207
293
4190
4917
614
3694
2959
1683
1298
1434
2669
1098
3773
1251
4422
258
4663
4660
2121
2635
894
2964
558
2774
2043
964
3653
1395
1878
2392
1275
4653
542
4756
1236
391
3339
3659
3232
2721
465
4098
2025
4549
200
3419
1979
1485
1033
4373
75
707
1262
1825
819
3845
2301
3122
2964
2592
3788
2752
2401
4244
171
2288
524
632
2654
2251
4198
1197
2671
2684
383
3524
966
2059
2965
1293
9
3779
4483
3991
4672
2787
13
2560
4330
3463
3517
4777
1748
2117
2507
3256
1097
2357
3390
4294
1874
1980
3655
1421
4550
2388
3252
2811
2230
3694
3150
3776
969
1948
3350
128
2204
3501
1685
2513
1004
1690
4975
928
4613
4506
3584
1422
3925
841
1501
3968
2893
3338
2267
1363
4985
1906
326
3265
2380
4577
163
4440
4467
276
540
1118
1619
1941
4520
45
678
1686
437
3644
3161
2063
4754
3091
4784
920
2592
3694
2674
1390
2000
3760
302
2972
2193
3027
4001
86
941
2716
4032
1185
703
2565
4802
400
3889
208
2540
4070
4162
898
4989
1740
767
4127
2276
4407
1991
3069
2483
4848
2434
4974
3184
3708
823
465
4447
3939
655
3988
150
4419
3213
4377
3710
1815
470
4365
3357
3169
2912
2127
1277
1410
1513
4346
4193
566
3424
234
3231
1008
4482
1737
4020
1866
1161
1119
445
3658
605
1818
4769
2972
1218
4386
4499
3407
1025
84
3841
310
755
2736
3432
2270
471
4162
3667
747
3724
471
2766
1786
3011
2632
4366
1687
3648
3160
2211
589
3464
249
3656
4173
2280
4640
2825
4269
546
3165
4379
1762
2888
4074
2732
1304
3153
3205
4305
467
2528
3530
2302
4993
1409
3321
2974
1042
4413
2016
920
4105
2580
2660
281
3665
4477
4003
3228
856
1362
3752
1623
2871
4337
834
4861
495
3991
4800
1463
4209
1992
2978
4399
3805
4234
3723
596
2187
3065
199
2937
3288
4015
1891
1801
3177
1447
129
3396
1535
4960
2509
4114
1499
394
770
4723
54
4108
2634
2754
2665
2405
860
549
3751
4642
2717
2127
785
3113
1142
2104
165
2897
3705
337
2759
2912
3400
2135
2988
2212
2610
4574
2568
3352
1154
1963
4016
2258
2623
3339
4555
4605
3477
4715
3841
3558
370
351
960
4538
2555
4316
1818
4704
1283
4865
2927
159
1360
3222
193
3072
1612
3272
495
3979
304
2144
3084
1130
755
323
2326
458
4044
2032
2757
118
4275
3125
4948
2584
3058
1811
3443
2861
1381
2033
1054
3823
3091
424
908
95
2373
3107
1963
3635
2394
1139
678
225
3649
1234
2342
2664
978
3918
2023
2902
4119
1150
1400
2808
1960
2725
1334
4698
4650
3494
388
4175
195
3420
1540
4623
1532
670
1383
305
1110
456
2857
1149
1974
2517
3302
1699
3012
1493
1926
2537
4755
916
614
2040
3401
2869
2338
1889
4071
949
1862
2886
2905
1389
100
4808
4365
3298
1821
4752
2035
3830
2748
188
4824
2405
887
3747
2800
4018
289
4481
4257
4489
2744
802
3904
4932
1093
3495
2627
743
1194
842
1185
3503
1032
3660
356
2916
863
2535
1473
970
4859
2455
4476
887
930
3861
776
4588
713
2063
2957
2682
1149
3851
13
463
4597
3592
2033
4190
902
51
865
4312
549
2160
1864
1151
1652
2943
4595
2156
82
3379
4196
4044
2034
766
924
5
1300
2127
2827
4564
1929
4161
3934
99
688
2669
4677
1485
256
4222
3123
4384
715
2117
4755
1021
2846
1239
141
585
1868
3972
2572
4533
348
2650
3992
468
128
4269
1668
3011
466
829
3855
3249
1716
4768
90
732
1474
4107
3701
1706
4599
2238
527
2076
5
920
654
1709
4780
2671
1912
1214
1944
723
2003
3842
151
1503
1603
3724
3757
1485
4403
293
3064
1278
1198
2352
3066
344
2216
2028
4904
4792
2210
2155
1225
786
2713
1849
3522
587
2664
1393
4940
40
2212
3537
815
3455
1430
2826
1563
4914
1618
3625
4162
3529
1010
358
1679
3265
4420
4092
2173
4762
4900
2745
2582
2129
1808
1129
3019
4939
4161
3439
3268
1663
3393
1254
3441
273
2606
2612
3432
4035
3052
3744
89
3981
4660
3492
3133
3306
1451
4431
2747
1697
4168
1238
945
893
1959
4093
960
291
1362
2661
2291
1093
262
1351
3578
2207
3036
4489
4393
28
4316
1324
4481
1771
3146
616
4241
2872
2197
2411
4292
4042
4616
2946
424
1804
3491
492
4558
2350
4703
3301
4265
2754
2808
2878
779
1223
680
4538
2197
3117
875
1471
3395
340
724
3083
1741
906
3217
1768
506
1113
4419
4503
4611
627
4197
3675
3191
3786
3404
3358
1269
4100
4270
2208
1197
4643
1170
1631
67
3567
3556
3618
983
345
3052
4873
4798
2594
400
4877
2282
101
307
4887
3275
59
4191
4172
2748
2126
1104
2640
4261
4643
103
2656
4154
1627
2722
4290
7
4720
376
3093
3806
4006
714
2328
1637
2104
3513
1901
671
2028
1608
2554
1508
30
3975
2748
1736
4354
2351
3836
1067
598
407
879
4743
1799
1661
3955
249
1260
611
1722
1152
4499
198
2138
3709
2234
905
1655
1780
1392
1876
2091
4770
316
2514
3857
4165
3353
4853
3597
1889
417
2362
201
4610
3297
1173
2278
4521
1286
846
39
802
464
1264
2182
2205
2469
92
1705
3711
3086
1221
3269
1230
159
2135
3066
2457
3670
3237
522
1727
716
747
2142
1739
3487
1209
4644
4658
1983
1348
1167
3353
3769
2279
1014
4443
671
3188
640
1378
3640
4779
1695
1904
4838
507
2560
272
2988
2440
528
847
4880
1053
4306
1658
1134
3742
2507
90
1422
2406
3765
3517
557
3137
2038
2708
2795
1469
2840
1559
2484
3889
1990
4908
2666
4061
3680
4051
1993
1626
4771
1808
3110
2535
1042
1168
688
4178
2336
1683
4306
2580
2854
3540
4499
2394
1307
1112
4648
4711
1513
2305
2445
4149
311
3582
3273
1852
377
4463
259
4120
3082
2195
4723
1261
1133
1194
4936
4329
1393
1551
2777
346
1203
4247
3669
3988
4709
3594
726
3011
4048
2643
1900
1866
2531
3298
2571
182
4127
1844
4356
545
964
112
1580
3295
3591
768
1204
4635
807
2524
3833
3585
573
4433
3158
1690
851
2637
992
3632
3845
1146
886
4257
4155
2103
3686
4550
4979
2524
2697
515
3267
3968
4491
4450
3285
3316
2105
610
4016
4591
1353
3720
2475
4158
4918
4941
852
4174
1474
385
2929
1961
3403
1170
4548
3113
730
2726
4030
2788
3672
984
3423
4175
3480
3467
2876
4842
3946
1294
651
2999
3181
1940
4175
4569
1334
1816
1885
1942
2087
3490
778
1497
1715
4838
2965
1445
1573
461
307
4000
1393
4034
4578
4839
1281
255
4304
2349
4145
4471
3177
1508
3582
4786
2722
4989
3232
4931
485
245
4804
2433
2805
2518
2983
3987
11
3496
1518
1354
691
4400
1211
3318
3707
697
753
3137
2569
3367
825
4240
1759
4848
2275
549
4984
368
4059
634
484
4604
4496
1352
2826
2535
3083
776
2290
2514
2733
303
105
3043
1666
898
1323
4993
4755
2406
3161
491
932
1965
3128
4463
1138
3518
4271
2940
4802
464
2010
3619
3193
1252
2330
4783
4898
4816
135
3040
1203
144
4385
1812
3661
2405
4379
4299
1646
2559
4234
4559
565
2357
3015
3055
2717
840
1078
643
515
4002
2632
1342
384
3467
4574
2859
3479
2876
4830
3429
2992
1913
2489
4686
2352
1003
488
4841
2867
3433
209
3594
389
3073
4843
3234
4250
3575
725
2286
4644
41
3374
30
178
493
3983
3341
2914
1782
1447
1007
4205
2938
629
3330
1498
2694
4022
672
4357
4453
2828
3017
1666
4374
3673
958
3135
633
3424
126
3423
3051
640
4312
1946
629
3601
1264
825
3838
4958
75
3106
3443
1959
333
4454
2344
2071
641
100
3897
4955
3559
4649
3335
2984
4935
840
3599
2200
3172
1634
2633
1518
3916
4929
2733
1652
601
534
762
1979
4308
4364
3842
2131
917
2104
4532
1585
3701
3288
797
3306
501
2815
2932
1341
2128
1993
4436
1278
1799
22
780
2821
2784
4575
3081
615
607
3044
3506
523
4232
3466
4855
2819
1254
1329
1796
4406
1175
500
3369
680
1288
2812
3616
3487
3280
1209
4764
307
2618
2336
3221
1226
4203
3956
4298
2512
1354
413
56
1114
4688
790
547
1580
1372
4060
2244
1361
2142
1328
2291
4876
2460
4021
4345
1137
2769
4082
2508
4483
2862
4310
1822
1495
2463
4045
2510
3276
1033
2637
4597
583
2494
4847
1010
2737
2877
1760
3974
3376
2275
4661
1049
1651
1994
4525
397
2141
1631
3513
1228
256
4234
546
217
4906
4128
457
4152
1036
3286
110
3733
1730
4395
440
4199
4776
1480
4528
4827
1115
835
1472
320
2655
2676
2701
4383
144
4421
1635
486
846
1336
2040
3304
998
3318
699
2033
2460
4275
3791
4666
989
2101
1507
4557
2643
4712
509
650
3866
1603
2608
4689
3249
1415
449
1123
837
4823
3794
2549
187
2397
4723
72
1806
3410
1647
1790
845
1465
2621
2201
3434
1713
3784
3870
3415
3566
1518
2230
1297
2384
3098
1286
1174
3678
1066
4774
3211
2839
2083
4267
4475
3715
828
923
4705
884
1956
4595
4703
4094
4567
1498
4529
4482
3533
4591
3385
4699
867
353
2760
4942
4583
1462
2717
1252
4865
3030
2977
4150
1619
3229
1888
3788
2797
1439
3576
2348
182
3520
3779
134
3453
2234
1433
3745
4842
3534
402
129
861
1758
3943
1972
2887
1850
1762
3699
4672
3158
2944
3773
2641
4263
3008
76
4056
2812
968
3534
4064
4333
1071
4797
4025
2022
1225
339
1400
402
4604
3977
2753
4395
238
2003
491
4587
2696
3311
4712
936
2525
4053
3908
258
1989
1740
1252
2288
2696
3618
1480
3961
3644
3488
4138
1112
4293
2115
1991
80
4206
3973
2576
1711
2077
4077
3308
3623
4309
3486
4265
3240
3954
654
3619
2468
4391
2477
2456
184
3331
1741
2053
3128
1900
1125
4073
4904
3257
1244
2845
1133
3178
3357
1805
4242
1070
931
460
3648
3270
3803
3945
2054
4429
1440
154
3987
1446
3349
337
2695
4662
4474
4393
3342
1715
2749
1894
4247
1928
1171
4756
3920
552
307
2533
1256
844
292
878
1135
4049
1491
946
3141
3375
4979
2024
3417
3325
4113
1943
4089
2108
4351
483
4830
3616
459
428
3991
4263
1583
2904
2140
4708
3827
2833
372
3099
1108
4102
2801
4006
3476
2343
3511
24
1035
4544
3075
4114
1818
3934
1198
3129
1485
3945
4821
916
2961
2773
4411
2376
4592
3555
3113
2750
204
4612
4941
4092
275
2807
3709
4146
1565
2744
460
1051
2516
3849
383
1788
4908
2985
4481
2734
2510
1611
2655
2995
3857
609
4597
167
305
472
4682
3271
3607
2046
342
4034
453
4422
2418
3757
2102
4824
4671
766
2805
4406
3192
3493
445
738
2985
584
4113
1413
2043
1857
1043
175
279
4038
2959
4260
871
111
2427
659
2216
1655
3499
3786
1643
2577
558
4024
2439
321
1389
459
1556
2267
3067
2464
1254
4755
1137
2266
4247
4091
3150
1802
2432
3369
1515
2888
4778
1182
533
1588
1722
4037
474
4649
1381
4702
459
2681
1260
1417
1619
2793
1475
26
4858
517
4773
1847
1898
865
297
3891
4976
4798
2936
4327
3622
3260
222
3845
3384
4939
558
3799
2879
3172
3037
2524
728
2744
3
2462
2989
1416
3303
3603
4299
4754
2637
3081
1925
4864
3535
1599
2816
3480
2523
810
1719
81
85
4243
4872
4488
414
2458
1401
2171
142
3660
3696
1277
2498
2998
4118
763
4226
3000
311
4032
1896
1647
3142
852
883
916
1254
449
4756
1438
4095
953
1896
4670
847
3016
4338
93
2638
1157
4758
1591
3457
986
1885
3718
834
1084
994
4115
1621
3421
3789
3029
2189
3222
2086
2177
2828
2606
3856
2724
4717
1288
4820
1846
54
2792
528
269
438
3500
3849
1384
2161
2675
1238
740
4476
4802
232
4808
1451
2711
4681
114
2580
4094
4411
1423
556
3265
3680
1672
1912
3964
4504
3417
2906
1287
1244
433
1258
1950
563
4551
524
3773
1910
1432
1333
3567
4767
4229
1745
3550
4335
4406
1986
3145
4753
4217
2669
3270
1993
370
2714
1485
2085
2479
1552
1587
627
76
3075
4513
4346
4930
4421
2192
4616
4081
1473
584
3119
1729
4310
1491
4830
1221
4859
4850
3783
3125
3074
4455
1036
4801
831
480
274
1460
1747
2642
1725
2063
1120
3923
4041
4936
4890
4883
2668
1008
4965
63
4122
2971
1670
2978
2809
2972
4514
1328
572
4775
2707
1502
2478
3644
3427
2832
4525
109
2865
1431
1977
3520
2695
191
4612
1395
2251
4518
4001
4525
2337
4303
2406
4298
636
767
1602
2734
3989
3045
2609
4035
4916
717
4613
915
4694
2916
3350
3574
1798
4719
3043
3652
792
3205
25
4222
1256
616
61
1939
51
203
820
1868
44
1039
3410
706
1134
4232
4034
4737
1750
419
4503
4933
1482
1293
3258
2116
4521
2009
143
4234
2619
1671
1720
3504
4373
1395
1775
4642
2089
3674
1115
4266
4370
1498
611
1470
3920
3218
3649
184
538
3541
2330
2058
3272
4280
4670
384
3984
2185
1255
3205
2546
4188
4391
615
3775
4471
3619
686
3108
3629
2040
3612
4290
720
1363
2590
2094
83
428
318
3064
1724
2512
769
808
4449
3880
2856
3571
1323
425
4845
3903
4180
4140
3414
1942
4726
3894
2063
400
845
4099
1632
3664
687
766
4168
3439
3203
1843
782
1296
1738
4008
4180
3208
352
1584
2335
3936
1881
978
3653
3500
539
2557
339
1186
1846
2367
421
2703
3212
4060
2475
1781
399
3088
2231
233
130
4878
3625
944
4196
4309
1256
408
3238
3202
4295
986
4068
4360
3679
4915
4041
2255
1187
2648
1969
4348
382
2396
4617
2510
3041
2026
1564
1723
295
1129
1465
1309
2053
2435
295
4105
4713
4872
4332
404
4508
3503
93
941
952
1920
4438
1664
2737
3243
131
4700
1314
1180
1648
26
2104
1319
3218
1221
3479
4274
1277
1334
1809
4773
3609
2169
4539
3210
4879
2994
3280
3571
4429
3646
1933
1469
4789
2924
3773
892
2891
2601
2674
329
772
4870
2062
798
2830
3692
2691
584
4976
1749
4897
2711
3140
4519
1013
3843
4318
3884
282
2760
3644
290
4316
3835
1160
4534
269
2542
4997
1804
4033
3111
104
2207
1333
541
625
1285
399
2716
2543
702
3964
424
4879
2180
611
239
220
3225
341
3696
1050
3239
4188
3411
2569
3044
798
4742
165
2224
891
3470
4217
4772
1217
160
4053
3669
3835
1199
1755
4150
1727
1901
4599
4847
1234
1968
4593
1681
2308
4189
3328
4374
3941
3889
537
4101
2250
4520
942
4519
1947
541
1000
2082
4417
1973
917
4990
4118
4443
3477
3906
2112
2369
3705
793
371
88
3258
4430
2563
1513
4777
2750
4361
1316
2022
3708
4770
1290
14
6
4192
1681
1356
2063
4828
4996
667
3874
2737
1168
52
1402
1941
3374
2354
339
3913
1030
915
4002
4821
4020
2660
4462
1030
2187
3910
194
4005
2400
1115
4469
3802
2003
3680
805
1894
4135
1852
1294
681
1958
890
3003
1243
444
2719
4108
2678
4581
4770
4864
4511
1921
1970
2591
2526
1947
4899
2711
181
1218
375
693
4508
2581
581
1800
4482
4421
3546
1304
258
3650
1682
488
4973
213
3964
224
2419
4026
216
2
4308
3477
1766
3633
4418
3862
2173
2336
1939
2016
1162
2118
1110
2427
840
140
3350
4705
3547
2057
1011
1789
2932
4563
1588
3820
1553
666
3522
483
2807
2964
764
2352
947
3573
3393
4631
2028
4757
1921
432
4724
4666
1956
1751
2763
2929
1020
2294
1187
2322
3567
782
3744
510
3550
1890
342
65
2237
3928
1307
2049
1864
3416
1243
1238
4001
2545
4238
2839
1289
2611
927
2569
2262
3075
3323
3306
3210
2601
4267
3097
4204
2430
1954
3573
4229
364
3320
2043
2840
434
126
2345
1774
3942
207
2112
2248
2308
1487
551
3923
1010
2035
4822
833
3525
2508
2695
3326
598
1975
242
2127
3439
4685
3440
2114
3201
4294
941
4056
2707
4877
1941
149
520
1944
2465
4084
2655
4990
3178
1754
2984
374
1171
2747
605
1892
1253
249
4300
4039
2752
3276
1752
1585
3416
251
1480
1534
1253
431
4574
3512
1157
3390
2479
1194
973
1419
2418
838
3258
1588
4881
3662
4467
2338
1786
4434
2322
1079
728
725
4863
1255
2380
1805
4700
680
1106
2842
4161
2687
2723
133
60
2164
3275
3254
2203
4537
2171
2822
2055
1383
2258
433
4421
4843
3985
131
3071
1404
4741
989
4694
3121
3087
4836
4804
1046
4878
2636
2477
147
1814
1571
3428
4495
2483
4842
4697
3744
1328
3962
3390
1237
1449
1415
2902
1034
186
4330
4435
97
2230
1719
3840
2167
2807
2299
3776
1279
1029
1735
3212
2345
3806
3843
3866
3701
3170
2188
1878
296
4437
1745
1823
3544
3437
3496
1761
2885
948
1843
2406
2900
3691
3686
2404
1600
1125
2802
2484
96
1846
560
1559
4873
3394
3589
127
2514
1221
1423
975
2588
136
3257
3600
4363
4380
1044
3445
951
1354
742
3869
4837
1554
4715
469
236
1376
2067
2079
202
3926
268
3603
3451
1768
998
2052
2465
1764
1986
1564
1623
598
849
4944
195
2790
754
202
4217
4052
306
2921
1752
4194
3518
340
2413
3646
3412
4341
1167
1802
1901
2469
337
1402
543
3401
4321
121
111
200
175
3607
528
2531
1764
2315
3500
217
1830
3082
3609
2680
4457
3045
1088
3027
1207
2998
1262
388
1433
1926
609
1194
399
2919
3027
3725
1762
569
1752
2644
742
3448
1614
3674
4910
4081
3286
4637
1091
1728
3183
223
695
2198
3934
142
2191
3117
3843
2088
1288
4922
4176
1767
184
3999
